00000000: 01010000 01100001 01100100 01100100 01101001 01101110  Paddin
00000006: 01100111 00111101 00110110 00001010 01010011 01101001  g=6.Si
0000000c: 01111010 01100101 00111101 00110100 00110111 00001010  ze=47.
00000012: 01010011 01101001 01111010 01100101 01010100 01101111  SizeTo
00000018: 01010010 01100101 01100001 01100100 00111101 00110010  Read=2
0000001e: 00111000 00001010 01001011 01100101 01111001 00111101  8.Key=
00000024: 00100000 00111010 00111000 00001010 01001011 01100101   :8.Ke
0000002a: 01111001 00111101 01100101 00111010 00110111 00001010  y=e:7.
00000030: 01001011 01100101 01111001 00111101 01101100 00111010  Key=l:
00000036: 00110101 00001010 01001011 01100101 01111001 00111101  5.Key=
0000003c: 01101001 00111010 00110101 00001010 01001011 01100101  i:5.Ke
00000042: 01111001 00111101 01110000 00111010 00110010 00001010  y=p:2.
00000048: 01001011 01100101 01111001 00111101 01101111 00111010  Key=o:
0000004e: 00110010 00001010 01001011 01100101 01111001 00111101  2.Key=
00000054: 01101010 00111010 00110010 00001010 01001011 01100101  j:2.Ke
0000005a: 01111001 00111101 01110011 00111010 00110010 00001010  y=s:2.
00000060: 01001011 01100101 01111001 00111101 01101101 00111010  Key=m:
00000066: 00110010 00001010 01001011 01100101 01111001 00111101  2.Key=
0000006c: 01110100 00111010 00110010 00001010 01001011 01100101  t:2.Ke
00000072: 01111001 00111101 01100001 00111010 00110010 00001010  y=a:2.
00000078: 01001011 01100101 01111001 00111101 01001000 00111010  Key=H:
0000007e: 00110001 00001010 01001011 01100101 01111001 00111101  1.Key=
00000084: 00100111 00111010 00110001 00001010 01001011 01100101  ':1.Ke
0000008a: 01111001 00111101 01001110 00111010 00110001 00001010  y=N:1.
00000090: 01001011 01100101 01111001 00111101 01100011 00111010  Key=c:
00000096: 00110001 00001010 01001011 01100101 01111001 00111101  1.Key=
0000009c: 01110101 00111010 00110001 00001010 01001011 01100101  u:1.Ke
000000a2: 01111001 00111101 01110010 00111010 00110001 00001010  y=r:1.
000000a8: 01001011 01100101 01111001 00111101 00100001 00111010  Key=!:
000000ae: 00110001 00001010 01001011 01100101 01111001 00111101  1.Key=
000000b4: 00001010 00111010 00110001 00001010 01000101 01001110  .:1.EN
000000ba: 01000100 00001010 00001000 11001100 00110000 00111000  D...08
000000c0: 01000110 10001100 00011000 00100011 00000000 10011100  F..#..
000000c6: 00000001 00000000 00000000 10000011 10001001 11000011  ......
000000cc: 00000000                                               .
